#R (Bohr)	  N2 Neutral	  N2 Anion	   Gamma
		  (Hartree)	  (Hartree)	  (Hartree)
1.50000000	-108.79597357	-108.45462821	-0.08796503
1.60000000	-109.02961031	-108.81694086	-0.05530922
1.70000000	-109.18304780	-108.98846109	-0.04161561
1.72000000	-109.20623752	-109.04299027	-0.10052885
1.74000000	-109.22729750	-109.06425415	-0.09145346
1.76000000	-109.24636665	-109.08458459	-0.08262684
1.80000000	-109.27904543	-109.12181375	-0.06715643
1.82000000	-109.29289212	-109.13856940	-0.06056852
1.86000000	-109.31613762	-109.16835267	-0.04937946
1.88000000	-109.32573232	-109.18144905	-0.04463830
1.90000000	-109.33409548	-109.19340574	-0.04037344
1.92000000	-109.34131054	-109.20429176	-0.03655203
1.94000000	-109.34745594	-109.21416532	-0.03311514
1.96000000	-109.35260525	-109.22306580	-0.02999656
1.98000000	-109.35682759	-109.23105985	-0.02718098
2.00000000	-109.36018783	-109.23817364	-0.02472417
2.02000000	-109.36274700	-109.24450290	-0.02244478
2.04000000	-109.36456238	-109.25007805	-0.02041781
2.06000000	-109.36568771	-109.25495510	-0.01858865
2.06887298	-109.36597930	-109.25685838	-0.01761453
2.06900000	-109.36598257	-109.25690223	-0.01778655
2.08000000	-109.36617361	-109.25914367	-0.01691331
2.10000000	-109.36606757	-109.26272295	-0.01540705
2.12000000	-109.36541420	-109.26582405	-0.01270345
2.14000000	-109.36425549	-109.26826146	-0.01149071
2.16000000	-109.36263080	-109.27017155	-0.01051171
2.18000000	-109.36057720	-109.27166291	-0.00961899
2.20000000	-109.35812971	-109.27263768	-0.00883624
2.24000000	-109.35218073	-109.27349481	-0.00747251
2.26000000	-109.34873900	-109.27338957	-0.00689146
2.28000000	-109.34502246	-109.27295827	-0.00636419
2.30000000	-109.34105655	-109.27222850	-0.00588826
2.32000000	-109.33746342	-109.27336885	-0.00534334
2.34000000	-109.33306096	-109.27414548	-0.00473274
2.36000000	-109.32847668	-109.27245453	-0.00418433
2.38000000	-109.32373032	-109.27055836	-0.00370575
2.40000000	-109.31884046	-109.26847280	-0.00328735
2.44000000	-109.30869748	-109.26379282	-0.00259954
2.48000000	-109.29817341	-109.25852624	-0.00206934
2.50000000	-109.29280335	-109.25570367	-0.00185120
2.60000000	-109.26534452	-109.24013288	-0.00110334
2.70000000	-109.23764292	-109.22285223	-0.00069838
2.80000000	-109.21089433	-109.20482234	-0.00044580
3.00000000	-109.16161590	-109.16923019	0.00000000
3.10000000	-109.13988453	-109.15226671	0.00000000
3.20000000	-109.12034954	-109.13618493	0.00000000
3.30000000	-109.10304797	-109.12099809	0.00000000
3.40000000	-109.08798644	-109.10680359	0.00000000
3.50000000	-109.07512451	-109.09369472	0.00000000
3.60000000	-109.06434079	-109.08168924	0.00000000
3.70000000	-109.05545837	-109.07077738	0.00000000
3.80000000	-109.04825596	-109.06092112	0.00000000
4.00000000	-109.03757703	-109.04335858	0.00000000
4.20000000	-109.03109407	-109.02985950	-0.00029679
4.40000000	-109.02713347	-109.01939916	-0.00039622
4.60000000	-109.02468555	-109.01130412	-0.00051089
4.80000000	-109.02313901	-109.00502861	-0.00062480
5.00000000	-109.02213308	-109.00014290	-0.00072101
5.20000000	-109.02145812	-108.99631455	-0.00077377
5.40000000	-109.02099628	-108.99332129	-0.00086169
5.60000000	-109.02068278	-108.99082329	-0.00082482
5.80000000	-109.02045481	-108.98888080	-0.00082059
6.00000000	-109.02027220	-108.98744410	-0.00080111
8.00000000	-109.01964911	-108.98410874	-0.00253928
9.00000000	-109.01958743	-108.98430536	-0.00291180
