#R (Bohr)	  N2 Neutral	  N2 Anion	   Gamma
#		  (Hartree)	  (Hartree)	 (Hartree)
1.50000000	-108.80832388	-108.58387396	-0.06721240
1.60000000	-109.04221991	-108.83431462	-0.05302535
1.70000000	-109.19592487	-109.03661029	-0.09371474
1.72000000	-109.21916818	-109.05981839	-0.08547103
1.74000000	-109.24028178	-109.08193068	-0.07694725
1.76000000	-109.25940460	-109.10283250	-0.06900963
1.80000000	-109.29219123	-109.14067285	-0.05547107
1.82000000	-109.30610332	-109.15756866	-0.04987497
1.86000000	-109.32945948	-109.18748075	-0.04066699
1.88000000	-109.33910986	-109.20060782	-0.03694487
1.90000000	-109.34752895	-109.21261151	-0.03370171
1.92000000	-109.35480021	-109.22356964	-0.03090606
1.94000000	-109.36100210	-109.23355606	-0.02850771
1.96000000	-109.36620816	-109.24265047	-0.02639417
1.98000000	-109.37048752	-109.25092742	-0.02453990
2.00000000	-109.37390506	-109.25849338	-0.02279699
2.02000000	-109.37652181	-109.26533087	-0.02119820
2.04000000	-109.37839505	-109.27150466	-0.01971686
2.06000000	-109.37957852	-109.27704027	-0.01831587
2.06887298	-109.37989598	-109.27925206	-0.01737547
2.06900000	-109.37989963	-109.27931348	-0.01756858
2.08000000	-109.38012283	-109.28193899	-0.01681889
2.10000000	-109.38007549	-109.28622486	-0.01541945
2.12000000	-109.37948108	-109.28990525	-0.01257122
2.14000000	-109.37838159	-109.29293396	-0.01136704
2.16000000	-109.37681638	-109.29541847	-0.01031238
2.18000000	-109.37482248	-109.29743913	-0.00931571
2.20000000	-109.37243791	-109.29881681	-0.00841802
2.24000000	-109.36660976	-109.30023978	-0.00681197
2.26000000	-109.36322869	-109.30024332	-0.00611641
2.28000000	-109.35957295	-109.29977678	-0.00548826
2.30000000	-109.35566792	-109.29884584	-0.00493051
2.32000000	-109.35162195	-109.29838423	-0.00428000
2.34000000	-109.34728784	-109.29643545	-0.00391079
2.36000000	-109.34277164	-109.29409111	-0.00366090
2.38000000	-109.33809643	-109.29279480	-0.00166998
2.40000000	-109.33327604	-109.29038992	-0.00219032
2.44000000	-109.32326849	-109.28701608	-0.00340636
2.48000000	-109.31287836	-109.28468797	-0.00363599
2.50000000	-109.30757469	-109.28325553	-0.00339547
2.60000000	-109.28043907	-109.27183177	-0.00183324
2.70000000	-109.25306870	-109.25637430	-0.00099442
2.80000000	-109.22653891	-109.24036235	-0.00000000
3.00000000	-109.17767292	-109.20652015	-0.00000000
3.10000000	-109.15607958	-109.19032469	0.00000000
3.20000000	-109.13665087	-109.17502919	0.00000000
3.30000000	-109.11939482	-109.16054748	-0.00000000
3.40000000	-109.10431667	-109.14695974	-0.00000000
3.50000000	-109.09139452	-109.13445049	-0.00000000
3.60000000	-109.08049216	-109.12302833	-0.00000000
3.70000000	-109.07145000	-109.11269795	-0.00000000
3.80000000	-109.06405674	-109.10345871	-0.00000000
4.00000000	-109.05286315	-109.08643641	-0.00000000
4.20000000	-109.04593840	-109.07389370	0.00000000
4.40000000	-109.04162188	-109.06425907	0.00000000
4.60000000	-109.03890073	-109.05674485	-0.00000000
4.80000000	-109.03714461	-109.05073913	-0.00000000
5.00000000	-109.03598583	-109.04496938	-0.00000000
5.20000000	-109.03518747	-109.04029493	-0.00000000
5.40000000	-109.03462721	-109.03623010	-0.00000000
5.60000000	-109.03422755	-109.03238495	-0.00000000
5.80000000	-109.03393310	-109.02893393	-0.00257298
6.00000000	-109.03370980	-109.02588553	-0.00246846
8.00000000	-109.03296188	-109.01472319	-0.00500846
9.00000000	-109.03288633	-109.01319753	-0.00509432
