# R (Bohr)	  N2 Neutral	  N2 Anion	 Gamma
#		  (Hartree)	  (Hartree)	 (Hartree)
1.50000000	-108.79299772	-108.55869969	0.12009029
1.60000000	-109.02645463	-108.88487628	0.07379220
1.70000000	-109.17968242	-109.02466177	0.04638719
1.80000000	-109.27552806	-109.13313702	0.03201225
1.82000000	-109.28935056	-109.15037957	0.03026104
1.84000000	-109.30165940	-109.16585308	0.02914009
1.86000000	-109.31254753	-109.17969694	0.02398584
1.88000000	-109.32205043	-109.19302329	0.02198498
1.90000000	-109.33039725	-109.20514125	0.02078417
1.92000000	-109.33759859	-109.21579416	0.01790120
1.94000000	-109.34373436	-109.22581764	0.01861855
1.96000000	-109.34887709	-109.23481831	0.01649217
1.98000000	-109.35315250	-109.24271499	0.01333375
2.00000000	-109.35645468	-109.25017907	0.01232332
2.02000000	-109.35906428	-109.25636922	0.01125393
2.04000000	-109.36087775	-109.26208973	0.01072487
2.06000000	-109.36200360	-109.26709833	0.01009797
2.06887300	-109.36229691	-109.26936097	0.00980112
2.06900000	-109.36229909	-109.26919585	0.00859108
2.08000000	-109.36249271	-109.27146833	0.00851353
2.10000000	-109.36239085	-109.27524300	0.00831291
2.12000000	-109.36174215	-109.27821906	0.00683022
2.14000000	-109.36059003	-109.28068863	0.00653441
2.16000000	-109.35897401	-109.28261939	0.00572702
2.18000000	-109.35693112	-109.28392955	0.00528750
2.20000000	-109.35449535	-109.28480046	0.00533500
2.22000000	-109.35169995	-109.28481180	0.00452987
2.24000000	-109.34857652	-109.28451320	0.00413584
2.26000000	-109.34515894	-109.28461451	0.00400172
2.28000000	-109.34147027	-109.28477792	0.00359392
2.30000000	-109.33862987	-109.28260419	0.00368174
2.32000000	-109.33447040	-109.28171725	0.00323683
2.34000000	-109.33010909	-109.28017813	0.00287649
2.36000000	-109.32556961	-109.27859330	0.00254314
2.38000000	-109.32087106	-109.27679788	0.00225640
2.40000000	-109.31602943	-109.27505751	0.00200954
2.44000000	-109.30597466	-109.27027190	0.00159178
2.48000000	-109.29552973	-109.26544136	0.00128822
2.50000000	-109.29020140	-109.26272841	0.00111756
2.52000000	-109.28481997	-109.25994585	0.00102553
2.56000000	-109.27394924	-109.25392421	0.00083735
2.60000000	-109.26300147	-109.24753522	0.00069978
2.70000000	-109.23574374	-109.23073605	0.00044101
2.80000000	-109.20931381	-109.21317871	0.00000000
2.90000000	-109.18496817	-109.19435072	0.00000000
3.10000000	-109.14044432	-109.16012562	0.00000000
3.20000000	-109.12142657	-109.14490351	0.00000000
3.30000000	-109.10464286	-109.12974503	0.00000000
3.40000000	-109.09003545	-109.11498249	0.00000000
3.50000000	-109.07761490	-109.10124000	0.00000000
3.60000000	-109.06710696	-109.08877193	0.00000000
3.70000000	-109.05833920	-109.07787998	0.00000000
3.80000000	-109.05110073	-109.06847591	0.00000000
3.90000000	-109.04530302	-109.06019418	0.00000000
4.00000000	-109.04048823	-109.05149717	0.00000000
4.20000000	-109.03111197	-109.03697725	0.00000000
4.40000000	-109.02646196	-109.02513811	0.00007321
4.60000000	-109.02333118	-109.01457032	0.00154644
4.80000000	-109.02085645	-109.00058921	0.00000516
6.00000000	-109.01599514	-108.97927939	0.00093577
7.00000000	-109.01505061	-108.97631342	0.00147688
