# R (Bohr)	  N2 Neutral	  N2 Anion	   Gamma
#		  (Hartree)	  (Hartree)	 (Hartree)
1.50000000	-108.56293411	-108.31956582	-0.08228335
1.60000000	-108.79799146	-108.56591417	-0.06150974
1.80000000	-109.05034305	-108.89145717	-0.06397732
1.82000000	-109.06448322	-108.90830767	-0.05908636
1.84000000	-109.07710696	-108.92355536	-0.05578298
1.86000000	-109.08831454	-108.93705756	-0.05187889
1.88000000	-109.09820077	-108.94934345	-0.04761800
1.90000000	-109.10685430	-108.96007004	-0.04520759
1.94000000	-109.12079048	-108.98036637	-0.03577527
1.96000000	-109.12622493	-108.98894628	-0.03264491
1.98000000	-109.13073044	-108.99672300	-0.02936129
2.00000000	-109.13437123	-109.00372161	-0.02664556
2.02000000	-109.13720889	-109.00996309	-0.02418147
2.04000000	-109.13930033	-109.01549875	-0.02195630
2.06000000	-109.14069869	-109.02034947	-0.01994914
2.06887298	-109.14111046	-109.02231411	-0.01915026
2.06900000	-109.14111546	-109.02234118	-0.01914167
2.08000000	-109.14145497	-109.02458930	-0.01817014
2.10000000	-109.14161660	-109.02822169	-0.01654182
2.12000000	-109.14122789	-109.03129771	-0.01509604
2.14000000	-109.14033083	-109.03384806	-0.01377467
2.16000000	-109.13896517	-109.03611061	-0.01296159
2.18000000	-109.13716735	-109.03751973	-0.01155526
2.20000000	-109.13497322	-109.03868590	-0.01060972
2.22000000	-109.13241443	-109.03944408	-0.00971556
2.24000000	-109.12952254	-109.03983274	-0.00893480
2.26000000	-109.12632686	-109.03987794	-0.00823082
2.28000000	-109.12285374	-109.03959305	-0.00758627
2.30000000	-109.11912959	-109.03900690	-0.00701054
2.30400000	-109.11835672	-109.03885433	-0.00690075
2.30600000	-109.11796682	-109.03877681	-0.00684937
2.30800000	-109.11757475	-109.03869256	-0.00679295
2.31000000	-109.11778156	-109.04484713	-0.00588677
2.32000000	-109.11621048	-109.04483956	-0.00565607
2.34000000	-109.11206675	-109.04372669	-0.00525048
2.36000000	-109.10773837	-109.04236818	-0.00488119
2.38000000	-109.10324526	-109.04299960	-0.00464120
2.40000000	-109.09860599	-109.04106855	-0.00413928
2.50000000	-109.07379444	-109.02903476	-0.00240027
2.60000000	-109.04754050	-109.01416454	-0.00141729
2.70000000	-109.02057639	-108.99704007	-0.00090748
2.80000000	-108.99537506	-108.98113848	-0.00059731
2.90000000	-108.97118445	-108.96376161	-0.00043570
3.00000000	-108.94910585	-108.94699705	-0.00033493
3.10000000	-108.92959734	-108.93131318	0.00000000
3.20000000	-108.91294581	-108.91698043	0.00000000
3.30000000	-108.89839289	-108.90317007	0.00000000
3.40000000	-108.88587513	-108.89005571	0.00000000
3.50000000	-108.87556889	-108.87807704	0.00000000
3.60000000	-108.86729976	-108.86726490	-0.00028364
4.00000000	-108.84365057	-108.83031749	-0.00030837
4.20000000	-108.83886484	-108.81883546	-0.00041638
4.40000000	-108.83656689	-108.81076909	-0.00047082
4.60000000	-108.83545861	-108.80505000	-0.00085400
4.80000000	-108.83494999	-108.80075819	-0.00111167
5.00000000	-108.83474090	-108.79734172	-0.00071304
