# R (Bohr)	 N2 Neutral	  N2 Anion	  Gamma
#		 (Hartree)	 (Hartree)	 (Hartree)
1.50000000	-108.79237953	-108.63954583	0.09780866
1.60000000	-109.02580499	-108.87257244	0.09685027
1.80000000	-109.27476259	-109.12942953	0.04551485
1.90000000	-109.32956493	-109.20227866	0.02629755
1.94000000	-109.34293574	-109.22334834	0.02115116
1.96000000	-109.34805669	-109.23241382	0.01898099
1.98000000	-109.35225275	-109.24056423	0.01704878
2.00000000	-109.35558766	-109.24786488	0.01534224
2.02000000	-109.35812247	-109.25432036	0.01377406
2.04000000	-109.35991680	-109.25999662	0.01237315
2.06000000	-109.36102151	-109.26497087	0.01115513
2.06887298	-109.36130493	-109.26693810	0.01064441
2.06900000	-109.36130817	-109.26697009	0.01064101
2.08000000	-109.36148902	-109.26924752	0.01004903
2.10000000	-109.36136548	-109.27285791	0.00906897
2.12000000	-109.36069693	-109.27590544	0.00821267
2.14000000	-109.35952461	-109.27834512	0.00745406
2.16000000	-109.35788770	-109.28016616	0.00677710
2.18000000	-109.35582524	-109.28137514	0.00618971
2.20000000	-109.35337040	-109.28193896	0.00568868
2.22000000	-109.35055670	-109.28205700	0.00534656
2.24000000	-109.34741372	-109.28200263	0.00494171
2.26000000	-109.34397454	-109.28274017	0.00457426
2.28000000	-109.34026887	-109.28306129	0.00418613
2.29000000	-109.33941871	-109.28109235	0.00439034
2.30000000	-109.33741313	-109.28062685	0.00409195
2.32000000	-109.33323671	-109.27948328	0.00356276
2.34000000	-109.32886107	-109.27809202	0.00310705
2.36000000	-109.32430851	-109.27668797	0.00268177
2.38000000	-109.31959709	-109.27487612	0.00234895
2.40000000	-109.31474305	-109.27286280	0.00206058
2.50000000	-109.28886457	-109.25997527	0.00112516
2.60000000	-109.26163137	-109.24447668	0.00065154
2.70000000	-109.23433652	-109.22799488	0.00039221
2.80000000	-109.20785804	-109.21025219	0.00000000
2.90000000	-109.18342206	-109.19078346	0.00000000
3.00000000	-109.16005321	-109.17441185	0.00000000
3.10000000	-109.13877922	-109.15717313	0.00000000
3.20000000	-109.11970703	-109.14182679	0.00000000
3.30000000	-109.10288299	-109.12540673	0.00000000
3.40000000	-109.08828056	-109.11207360	0.00000000
3.50000000	-109.07580542	-109.09787412	0.00000000
3.60000000	-109.06531033	-109.08577395	0.00000000
3.70000000	-109.05658088	-109.07475661	0.00000000
3.80000000	-109.04940603	-109.06458086	0.00000000
3.90000000	-109.04348407	-109.05488381	0.00000000
4.00000000	-109.03889406	-109.04707826	0.00000000
4.20000000	-109.02967899	-109.03277836	0.00000000
4.40000000	-109.02522976	-109.02069818	0.00041276
4.60000000	-109.02227248	-109.01139479	0.00051629
4.80000000	-109.02024875	-109.00360540	0.00063689
5.00000000	-109.01876905	-108.99728977	0.00078914
5.20000000	-109.01773963	-108.99244074	0.00095835
5.40000000	-109.01698208	-108.98860712	0.00113651
5.60000000	-109.01641404	-108.98559177	0.00132563
5.80000000	-109.01599114	-108.98343470	0.00147208
6.00000000	-109.01564565	-108.98155742	0.00161126
6.20000000	-109.01538244	-108.97991385	0.00180336
6.40000000	-109.01517381	-108.97880715	0.00194883
6.60000000	-109.01500990	-108.97797001	0.00208681
6.80000000	-109.01487815	-108.97732946	0.00221598
7.00000000	-109.01477212	-108.97685255	0.00233722
8.00000000	-109.01448409	-108.97610199	0.00286875
9.00000000	-109.01437256	-108.97590362	0.00328953
